1504866207	0.37526667 52.26389667
1504866208	121.0352397 14.65166573
1504866208	-61.20515108 -27.21325946
1504866209	101.69062016 3.05276432
1504866209	12.3267 45.4386
1504866209	135.50360024 34.68021892
1504866209	139.75256794 35.65444131
1504866209	139.77624317 35.71330529
1504866209	4.08333 48.3
1504866210	103.854934 1.300463
1504866210	139.67039404 35.64324269
1504866210	30.362435 40.760474
1504866210	32.5811 0.3136
1504866210	35.49116601 38.74520609
1504866210	5.117843 52.669581
1504866210	-78.5833 -0.25
1504866210	-79.3407 43.7166
1504866210	-8.24444398 43.48080665
1504866211	100.53146229 13.7452313
1504866211	107.64351 -6.90704
1504866211	139.69283002 35.69421957
1504866211	27.139 38.29121
1504866211	28.79801552 40.96564893
1504866212	100.58918417 13.86324189
1504866212	103.87429293 1.49353175
1504866212	106.682 10.7694
1504866212	-40.19224997 -20.14837664
1504866212	-43.27098509 -23.00042213
1504866212	73.58848572 4.31316122
1504866212	-76.5927811 39.2837296
1504866213	144.96934 -37.8226
1504866213	2.22384486 48.89635268
1504866213	-65.77916667 -28.46861111
1504866213	-74.17592097 40.69256921
1504866213	-84.44279574 33.64075563
1504866214	-0.21359 5.56219
1504866214	135.36162207 34.72135425
1504866214	139.69533026 35.65900484
1504866214	139.76893323 35.68001997
1504866214	81.9631981 26.2257016
1504866214	8.8833 9.9333
1504866215	-100.3988584 25.7737689
1504866215	11.25 43.7833
1504866215	139.7657506 35.8122642
1504866215	23.32 42.7
1504866215	28.9647 41.0186
1504866215	-42.52651997 -19.47780549
1504866215	-70.641997 -33.4691199
1504866215	-73.991653 40.749717
1504866216	134.18661352 35.51577989
1504866216	-3.70325 40.4167
1504866216	-3.70728636 40.41542444
1504866216	7.90466309 5.04922268
1504866216	-88.9936873 40.4842027
1504866217	100.6589205 13.7224486
1504866217	110.417 -6.96667
1504866217	136.96138122 34.70191893
1504866217	29.01214761 41.08066275
1504866217	29.11065288 41.03683817
1504866217	-5.78437607 37.18672784
1504866218	142.85805556 43.66027778
1504866218	32.73183774 39.86853416
1504866218	43.12862091 44.03356225
1504866219	101.68592939 2.74339874
1504866219	139.6972183 35.5278597
1504866219	139.73639019 35.67432001
1504866219	139.89741057 36.56089376
1504866219	-76.7033 38.9488
1504866220	101.68706493 3.13358673
1504866220	13.01364463 55.59378765
1504866220	151.211 -33.86
1504866221	100.23333333 5.4
1504866221	106.82737 -6.22951
1504866221	110.42795 -7.05542
1504866221	139.71646654 35.67347554
1504866221	32.8644 39.9272
1504866222	106.00036 -5.996079
1504866222	134.18667912 35.5156225
1504866222	139.772411 35.698025
1504866222	28.81915374 40.97991831
1504866222	-83.9187559 35.9660853
1504866223	101.71095063 3.15572775
1504866223	-117.29 33.05
1504866223	123.8776978 10.3123907
1504866223	139.57966799 35.70156629
1504866223	151.211 -33.86
1504866223	-40.19082069 -20.14955012
1504866223	-57.58301892 -25.29250183
1504866224	11.01055556 52.22805556
1504866224	120.52145237 15.19336714
1504866224	135.77107431 35.00368379
1504866224	139.66282654 35.60465622
1504866224	139.6938014 35.65536097
1504866224	139.710685 35.649207
1504866224	4.89141715 52.35270459
1504866224	-7.56666667 53.1
1504866224	-80.26343107 40.18118488
1504866225	139.375447 35.70942
1504866225	139.71289054 35.60607271
1504866226	100.23286537 5.28737604
1504866226	101.69187181 3.16942879
1504866226	-2.016 54.896
1504866226	-2.7742817 53.4179718
1504866226	-3.542993 51.676323
1504866226	-83.00628 39.98799
1504866227	101.8215 2.51905
1504866227	102.27427 -3.80089
1504866227	110.41066755 -7.79767013
1504866227	16.38055556 48.20472222
1504866227	21.0122287 52.2296756
1504866227	40.29483981 43.67243753
1504866228	-0.1433 51.541
1504866228	101.6702405 2.90145352
1504866228	-122.2852473 37.831316
1504866228	127.12192489 37.65204706
1504866228	14.5144 46.0553
1504866228	-16.7359178 28.08393383
1504866228	-76.38455754 37.04421687
1504866229	100.494 13.7522
1504866229	103.83728027 1.27177761
1504866229	110.31394 -7.77081
1504866229	13.34861111 52.48194444
1504866229	-58.48333333 -34.5
1504866229	-81.4393941 41.2916302
1504866230	139.80088192 35.88708372
1504866230	140.87665655 38.26028109
1504866230	143.204266 42.919743
1504866230	-70.2727 43.6315
1504866230	-73.43662828 41.05740468
1504866231	-0.37266394 39.46040267
1504866231	102.58460532 2.16297592
1504866231	7.16666667 8.83333333
1504866232	120.9915116 14.537189
1504866232	133.738 34.6735
1504866232	29.10098529 40.9857421
1504866232	43.36737 41.831
1504866232	-79.38721646 43.64258869
1504866233	105.89339 -6.06514
1504866233	115.17728937 -8.51239551
1504866233	120.23473978 23.05848962
1504866233	120.35456238 16.02116806
1504866233	135.78527199 35.064165
1504866233	174.6636399 -36.7724199
1504866233	39.1728 21.5433
1504866233	-8.39997053 43.36802718
1504866234	117.15491 -0.50373
1504866234	140.89212522 37.05818131
1504866234	4.750031 52.633614
1504866235	-0.32384551 39.51103592
1504866235	140.40999 37.19614
1504866235	14.5144 46.0553
1504866235	149.69305556 -34.85916667
1504866235	-71.79 42.58
1504866235	-79.3333 -2.4
1504866236	-0.53954624 38.40196747
1504866236	144.9568065 -37.8203162
1504866236	145.163 -37.8959
1504866236	-4.54300308 36.6071701
1504866236	-71.41199 41.82387
1504866237	100.837105 14.18622833
1504866237	104.93232898 11.54786449
1504866237	125.606571 7.07663
1504866237	17.41943748 40.72659766
1504866237	43.12862091 44.03356225
1504866237	-71.04623 42.29626
1504866238	-114.969 41.1096
1504866238	-116.969 44.0268
1504866238	13.3989 52.5006
1504866238	135.43221155 34.61994407
1504866238	136.52694444 35.37027778
1504866238	37.63285321 54.82879286
1504866238	-73.7255 40.68677
1504866238	-74.19231 40.58545
1504866239	101.65069356 2.92180139
1504866239	103.84509365 1.29999928
1504866239	12.5683 55.6761
1504866239	130.71199271 33.86397126
1504866239	135.53843221 34.66257869
1504866239	139.71271098 35.63476955
1504866239	139.75375063 35.72432028
1504866239	144.2785227 -36.7657296
1504866239	29.08977 41.093474
1504866239	29.92736772 40.76307337
1504866239	-3.70325 40.4167
1504866239	-43.4851192 -23.02577101
1504866239	-49.2058 -25.535
1504866239	-96.82964 32.71317
1504866240	100.37007843 6.11764822
1504866240	11.59821 48.1604699
1504866240	131.68800651 34.07470008
1504866240	29.02824279 40.9913325
1504866240	32.75513137 39.90901117
1504866240	50.02863119 20.20809324
1504866240	-61.2974453 10.71943587
1504866240	-66.30843979 -5.38785626
1504866241	135.772691 34.967096
1504866241	139.37999928 36.13657215
1504866241	-38.5431036 -3.73413536
1504866241	-65.3 -24.18333
1504866241	-80.2241 25.7877
1504866241	98.9167 8.06667
1504866241	99.84596014 19.92112771
1504866242	120.98524332 14.58424798
1504866242	140.02091341 35.69169477
1504866242	23.33259 42.69418
1504866242	29.10008211 40.98588434
1504866242	-91.6631 41.97505
1504866243	100.494 13.7522
1504866243	100.62206268 13.92311232
1504866243	-123.01211719 37.69870477
1504866243	135.772691 34.967096
1504866243	139.73862562 35.62853593
1504866243	28.98390878 41.06914082
1504866243	-90.066849 29.970932
1504866243	-9.0524777 53.2730143
1504866244	100.579702 13.961029
1504866244	110.36444444 -7.80138889
1504866244	121.04736593 14.54947482
1504866244	123.79066 10.32366
1504866244	134.18467922 34.3209469
1504866244	14.5144 46.0553
1504866244	6.7757756 51.2246952
1504866245	106.959 -6.39472
1504866245	135.772691 34.967096
1504866245	29.13105391 40.92398542
1504866245	-43.40461139 -22.88533598
1504866245	5.85329659 61.45054222
1504866245	-73.21 44.48
1504866245	-86.11 39.61
1504866246	0.11748763 50.78208737
1504866246	-0.16294264 51.49951899
1504866246	-119.0187125 35.3732921
1504866246	151.2069776 -33.8674769
1504866246	3.2936183 6.4574633
1504866246	36.35356172 41.27675207
1504866246	78.34118843 17.43623018
1504866247	-1.2328819 51.7248487
1504866247	135.49750359 34.70248274
1504866247	137.93014706 36.36710393
1504866247	2.6480899 39.5679512
1504866247	3.259777 6.6089428
1504866247	-74.002222 40.745278
1504866248	103.10339545 5.39864022
1504866248	12.53785499 41.95717318
1504866248	36.8131 -1.27436
1504866248	49.85624754 40.37433465
1504866248	-77.39078985 25.02986987
1504866249	-40.18481255 -20.15047676
1504866249	8.8833 9.9333
1504866249	-95.33192124 29.69472761
1504866250	0.11785943 51.65100649
1504866250	121.016261 14.561699
1504866250	121.53145909 25.02395918
1504866250	136.90966182 35.22627783
1504866250	30.34459756 62.51089378
1504866250	-83.659666 42.251904
1504866250	-93.7215544 30.09798774
1504866251	101.72190597 3.14877772
1504866251	139.70152058 35.6589129
1504866251	9.993682 53.551085
1504866252	11.33113 43.3196299
1504866252	135.772691 34.967096
1504866252	-39.7499594 -18.7491758
1504866252	-42.52991122 -19.47577552
1504866252	77.58311761 12.93081258
1504866252	-83.00628 39.98799
1504866252	-86.20308638 39.81450282
1504866253	17.945262 59.355444
1504866253	-2.2820092 53.4662218
1504866253	-71.76 42.53
1504866253	73.73362541 18.58747732
1504866254	-0.22614 51.9789
1504866254	-102.366667 23.316667
1504866254	110.8085257 -7.75666568
1504866254	135.50143891 34.66886397
1504866254	135.77020648 34.97038314
1504866254	139.75488354 35.97653481
1504866254	140.87851167 38.26074387
1504866254	-70.657348 -33.43179
1504866255	124.87952 1.49806
1504866255	39.76089835 40.99966018
1504866255	-73.94472222 40.66305556
1504866255	76.68244991 29.9636586
1504866255	-82.52924531 28.03536717
1504866255	9.94489 51.520156
1504866256	100.2545796 16.8528987
1504866256	102.72636433 17.87587582
1504866256	121.04824922 14.54800134
1504866256	36.8167 -1.28333
1504866256	-81.6697 41.4823
1504866256	98.87917 3.63532
1504866257	101.61572454 3.15060903
1504866257	132.75231489 33.84822679
1504866257	135.36161542 34.72129745
1504866257	135.772691 34.967096
1504866257	29.07081127 41.00341518
1504866257	43.12862091 44.03356225
1504866257	-5.27222 50.0997
1504866258	134.603226 34.133869
1504866258	-2.5348065 53.8133846
1504866258	28.290903 -26.200254
1504866258	30.20275251 59.9854696
1504866258	30.9833 -29.8667
1504866258	8.247253 49.992862
1504866259	101.67061074 3.0107788
1504866259	101.7095499 3.06063
1504866259	139.575 35.4617
1504866259	153.028 -27.4678
1504866259	-96.05263 41.235863
1504866260	100.75120405 13.6925689
1504866260	101.41775835 14.67927189
1504866260	115.18066406 -8.64619568
1504866260	135.49745 34.703266
1504866260	139.57827721 35.70450591
1504866260	15.03 12.08
1504866260	37.57661573 55.71503009
1504866260	-64.1824494 -31.4230307
1504866261	101.70828 3.10295
1504866261	132.55725172 34.24440936
1504866261	-1.44448757 52.85208068
1504866261	29.06995833 41.00487663
1504866261	-71.8 42.26
1504866262	100.56232452 13.74313692
1504866262	103.24792385 15.2281462
1504866262	21.27583333 49.295
1504866262	23.724969 37.977312
1504866262	-46.639638 -23.549525
1504866262	-76.7033 38.9488
1504866263	106.839 -6.2173
1504866263	19.0517197 47.4841466
1504866263	-5.074 52.029
1504866263	-8.71667 42.2333
1504866264	135.504787 34.660833
1504866264	139.38295992 35.4357063
1504866264	139.696112 35.65945045
1504866264	38.1478206 40.95077151
1504866264	-73.5542 45.5089
1504866265	110.36444444 -7.80138889
1504866265	-1.74641918 51.61210056
1504866265	28.41227531 40.03536937
1504866265	6.924569 50.940388
1504866265	9.993682 53.551085
1504866266	-0.1924 51.4644
1504866266	140.04036229 35.87403968
1504866266	29.1079776 41.02160933
1504866267	107.5 -6.75
1504866267	135.5174478 34.5828864
1504866267	37.28533493 41.12673482
1504866267	-58.4 -34.7
1504866268	131.7324626 33.47654992
1504866268	135.33004932 35.44229897
1504866268	153.028 -27.4678
1504866268	-8.80694444 39.74388889
1504866269	112.60709647 -7.9378971
1504866269	121.08416667 14.62972222
1504866269	139.77178991 35.70072331
1504866269	14.48194444 40.62777778
1504866269	-54.79976354 -22.21899739
1504866269	-59.9624449 -3.0255429
1504866269	-70.6900257 42.1366463
1504866269	72.83196 21.20166
1504866269	-77.6109219 43.16103
1504866270	-40.18741435 -20.15106754
1504866270	-72.78 41.67
1504866271	101.2700606 12.68533633
1504866271	101.69864348 3.1433936
1504866271	103.90038336 1.48313485
1504866271	21.5667 37.8333
1504866271	-81.72833333 30.27361111
1504866271	-83.10282 40.06143
1504866271	8.52922 47.37637
1504866272	10.3333 44.8
1504866272	121.48805484 31.22702936
1504866272	12.3267 45.4386
1504866272	139.39090423 35.45270743
1504866272	31.75 60.05
1504866272	-58.4826393 -34.4979897
1504866273	132.39331663 34.37556407
1504866273	136.09969057 35.05899033
1504866273	-2.58333 51.45
1504866273	27.12909204 38.40341102
1504866273	55.9667 54.75
1504866273	-74.0007613 40.7207559
1504866274	101.9402005 12.5343787
1504866274	103.06336824 5.41854896
1504866274	139.71047401 35.64647289
1504866274	140.92993498 38.13813458
1504866274	18.55 -33.9
1504866274	27.37415919 37.02449452
1504866274	-3.68333 40.4
1504866274	-73.750801 43.071998
1504866274	-73.972663 40.763348
1504866274	-74.080232 40.739811
1504866275	130.4119 33.59156
1504866275	130.80308994 31.2697403
1504866275	138.63514423 36.34178175
1504866275	32.93325386 39.88751679
1504866275	-3.435973 55.378051
1504866275	35.816619 40.652229
1504866275	4.966624 52.378193
1504866275	-74.080232 40.739811
1504866275	-78.6703182 -1.6521603
1504866275	82.92167948 55.04297356
1504866276	100.44660833 6.71971167
1504866276	100.56948668 13.73107921
1504866276	11.56451 48.135966
1504866276	19.31601 -33.36243471
1504866276	34.89366916 36.91904596
1504866276	39.7 -4.05
1504866276	-74.0064 40.7142
1504866277	-113.536354 53.5436206
1504866277	135.23841637 35.30152436
1504866277	141.35 43.0667
1504866278	135.34110857 34.81067468
1504866278	27.72305556 -29.45055556
1504866279	107.5 -6.75
1504866279	135.61494059 34.53159816
1504866279	137.04573691 35.08115925
1504866279	-2.699167 51.143333
1504866279	-72.67 41.76
1504866280	14.43664702 50.08145114
1504866280	34.549168 36.759125
1504866280	35.04027778 48.46777778
1504866280	-3.68333 40.4
1504866280	38.38305411 40.63442757
1504866280	47.99268079 29.26773318
1504866280	-77.39078985 25.02986987
1504866281	101.71752228 3.15836283
1504866281	121.04420051 14.5520291
1504866281	135.18652755 33.91170154
1504866281	140.82751556 35.72962206
1504866281	-43.41722307 -22.80892559
1504866281	99.832784 13.537478
1504866282	-0.4116945 53.7765844
1504866282	110.37511 -7.78985
1504866282	11.28038825 44.45617882
1504866282	120.98563392 14.55874682
1504866282	130.88255601 33.88278391
1504866282	139.50087748 35.40663082
1504866282	139.58723987 36.03884847
1504866282	29.0773 41.040791
1504866282	29.177366 36.63691
1504866282	-40.19256467 -20.1491232
1504866282	59.6 36.29
1504866283	105.89336 -6.0651
1504866283	1.19638889 51.80555556
1504866283	139.6955502 35.65862128
1504866283	-1.67666667 42.52805556
1504866283	-45.19394309 -22.81106152
1504866284	108.2 -7.33333
1504866284	135.60271827 34.51802683
1504866284	16.9825096 51.11866
1504866284	-5.98333 37.5167
1504866284	9.50224549 45.52712439
1504866285	112.62065 -8.01312
1504866285	11.5457 45.5346
1504866285	19.9372 50.0614
1504866285	26.64487074 38.33350248
1504866285	31.2585905 30.0889518
1504866285	-71.2167 46.8167
1504866286	101.07069958 4.54635592
1504866286	101.284 6.54278
1504866286	102.94916699 1.86530096
1504866286	106.682 10.7694
1504866286	130.97951566 33.75851929
1504866286	2.3990819 48.9320252
1504866286	43.11035181 40.56621322
1504866286	47.93797972 29.30298328
1504866286	-51.18564706 -30.06335419
1504866286	7.6103866 47.6052408
1504866286	-8.61040278 41.14541667
1504866287	-0.68809762 38.25733532
1504866287	100.56336 6.0368013
1504866287	103.88048135 1.31465737
1504866288	120.02926655 -4.1341398
1504866288	139.72032167 35.72947167
1504866288	139.72350945 35.4835757
1504866288	-2.53521 51.51576
1504866289	139.782881 35.677337
1504866289	-1.56667 43.4833
1504866289	42.5511 16.8892
1504866290	107.6042 -6.91339
1504866290	139.42465782 35.73581858
1504866290	16.38055556 48.20472222
1504866290	30.6650135 -29.7077099
1504866290	43.12862091 44.03356225
1504866291	101.71052 3.059765
1504866291	-1.58873964 54.91411735
1504866291	28.0351 -26.19421
1504866291	30.4667 36.4
1504866291	-34.88049746 -8.03243785
1504866291	37.59833333 55.7575
1504866291	4.51411284 8.48306397
1504866291	-6.2802 53.34779
1504866292	100.54031968 13.75450669
1504866292	136.8902 35.184
1504866292	-5.3481953 36.16129815
1504866293	101.71092988 3.17297842
1504866293	102.79967774 17.40544185
1504866293	103.090294 1.8497467
1504866293	110.4429957 -7.8203862
1504866293	121.02619 14.55838
1504866293	135.772691 34.967096
1504866293	139.6604466 35.57404365
1504866293	28.81816864 40.98647464
1504866293	-2.95 42.6833
1504866294	101.70879942 3.15945585
1504866294	103.342451 3.815282
1504866294	103.76267092 1.46370356
1504866294	-1.13587128 37.98147717
1504866294	121.06362032 14.24897945
1504866294	132.45884567 34.40694064
1504866294	14.44001813 50.08366918
1504866294	30.6539192 36.8740196
1504866294	-4.7670002 37.8895416
1504866294	-80.24534 25.94366
1504866295	121.024923 14.55217
1504866295	121.08011311 14.60935796
1504866295	27.5513 -27.0504
1504866296	100.560814 14.348153
1504866296	139.62295316 35.46608652
1504866296	140.9921 36.3003
1504866296	-71.59 41.7
1504866297	103.78111111 1.48722222
1504866297	139.71254641 35.7296559
1504866297	139.77274344 35.69857979
1504866297	18.19230084 46.49700958
1504866297	-46.649644 -23.538711
1504866297	-83.00628 39.98799
1504866298	101.68592939 2.74339874
1504866298	102.28135157 -3.80285601
1504866298	135.36213634 34.72066053
1504866298	23.72737616 37.97613879
1504866298	37.64634182 55.75839285
1504866298	-76.7033 38.9488
1504866298	78.476 17.366
1504866298	-80.1917902 25.7616798
1504866299	107.295 -6.3125
1504866299	139.18264818 36.22041189
1504866299	144.2785227 -36.7657296
1504866299	17.945262 59.355444
1504866299	27.53448486 53.87064771
1504866299	30.31991572 40.73513592
1504866299	-48.40460635 -27.44365499
1504866300	137.08521366 34.98704242
1504866300	-138.23044227 26.45544833
1504866300	139.069447 35.415669
1504866300	141.433 -31.95
1504866300	28.78357887 41.05197769
1504866300	32.09113704 49.43430123
1504866300	-6.39244716 53.36445135
1504866301	121.02525364 14.6363563
1504866301	121.54413521 25.05229961
1504866301	-47.91337706 -15.81152721
1504866302	-0.1689874 51.4940851
1504866302	101.61572454 3.15060903
1504866302	2.173403 41.385064
1504866302	28.79585266 40.96603006
1504866302	-69 12.18333
1504866303	107.59743 -6.902598
1504866303	126.98162839 37.4765725
1504866303	137.07269731 35.09064718
1504866303	1.923048 41.479504
1504866303	29.31594529 40.90796326
1504866303	5.70416667 53.23666667
1504866303	-97.29358 32.66586
1504866304	100.5840345 13.71940373
1504866304	103.32615602 3.81799776
1504866304	-122.331 47.6064
1504866304	-122.655922 45.556744
1504866304	1.893817 41.545639
1504866304	2.325475 48.873352
1504866304	2.51436 48.973425
1504866304	27.50762602 40.97937164
1504866304	4.90642634 51.20051198
1504866304	8.222617 49.839846
1504866305	-0.3826891 39.4938384
1504866305	-123.01180016 37.6993578
1504866305	-2.21769333 50.6446711
1504866305	95.42027778 5.52333333
1504866306	101.7 3.15972222
1504866306	27.47590542 37.08154412
1504866306	-42.54223824 -19.47508906
1504866306	7.90633678 46.58954096
1504866307	-0.10215643 50.81316626
1504866307	29.06754275 41.01998979
1504866307	-3.72917 40.38675
1504866307	-46.75786 -23.51508
1504866308	139.420501 35.768575
1504866308	-82.4220631 35.2801166
1504866309	30.49545158 39.75146256
1504866310	28.9647 41.0186
1504866310	34.59812544 36.7816302
1504866310	-3.56397316 50.82166327
1504866310	36.02252204 41.6219564
1504866310	-3.68333 40.4
1504866310	-84.22307209 33.7970201
1504866311	133.36322338 34.4626185
1504866311	135.43050137 34.66406278
1504866311	139.76271806 35.67352549
1504866311	20.86314052 66.27851817
1504866311	-38.4767 -12.9747
1504866312	0.0675262 49.35820582
1504866312	-0.17201233 51.52968253
1504866312	103.74140416 1.46021677
1504866312	-115.14196 36.14365
1504866312	121.03933811 14.41612263
1504866312	132.45519537 34.39634406
1504866312	139.3938764 35.56390251
1504866312	28.7920752 40.98751609
1504866312	-46.87121249 -23.22248545
1504866313	-0.1912111 51.5008906
1504866313	107.61688995 -6.90455818
1504866313	139.7794157 35.6960186
1504866313	140.48404532 36.3383067
1504866313	153.00606 -27.469515
1504866313	-34.88767869 -8.05451029
1504866313	7.26454378 43.69956974
1504866313	-72.95 41.27
1504866313	80.938349 26.9258898
1504866314	120.93938828 14.37050139
1504866314	121.05977 14.735887
1504866314	139.70057666 35.6606175
1504866314	139.76775749 35.67647484
1504866314	-1.4710084 53.3639105
1504866314	28.87413312 40.98099514
1504866315	103.333 3.8
1504866315	37.24026203 55.77881765
1504866315	-4.761111 41.644444
1504866316	100.56750281 13.80885007
1504866316	101.67031261 3.12855913
1504866316	27.13180355 38.41831813
1504866317	121.07387121 14.6778721
1504866317	-123.1 49.25
1504866317	139.70175875 35.68774296
1504866317	28.0351 -26.19421
1504866317	28.84740541 41.11746724
1504866317	4.45896 51.903
1504866318	103.10339545 5.39864022
1504866318	28.77417178 41.05663232
1504866318	-51.2 -30.0333
1504866318	55.00609 24.92031
1504866318	9.18333333 45.7
1504866319	140.12633443 35.71542868
1504866319	141.31773603 38.41462758
1504866319	55.73877895 24.17919941
1504866319	-76.86384302 38.90784636
1504866320	135.772691 34.967096
1504866320	28.03291 -26.20821
1504866320	29.12156369 40.9981816
1504866320	9.97984639 53.55427115
1504866321	151.211 -33.86
1504866321	44.7833 41.7167
1504866321	-46.21907296 -23.98495113
1504866321	4.8382931 52.3641597
1504866322	-0.10036 39.93695
1504866322	-0.3401471 51.7506676
1504866322	112.6208 -8.00649
1504866322	39.74522 43.57047
1504866322	-5.93754265 42.46204974
1504866323	-0.8833 41.65
1504866323	140.17716229 35.62254559
1504866323	49.18511486 55.74285114
1504866324	101.71209423 3.00171513
1504866324	112.08758962 2.91069408
1504866324	135.49962916 34.70381011
1504866324	139.6396257 36.0174027
1504866324	-43.9333 -19.9
1504866324	-72.35096181 41.31833322
1504866325	101.70628735 3.17737131
1504866325	139.774958 35.707203
1504866325	-1.4919233 51.2111975
1504866325	-82.9743674 40.07736
1504866326	-2.78570239 43.44694134
1504866326	-34.89244632 -8.11215741
1504866326	-73.457984 40.677371
1504866326	-77.39078985 25.02986987
1504866327	102.225058 2.22779865
1504866327	-43.2 -22.9
1504866327	-51.16538892 -29.83322468
1504866328	101.67614717 3.11962967
1504866328	-113.4977383 53.5128746
1504866328	139.78040725 35.54843152
1504866328	139.82688501 35.69672357
1504866328	-46.86561449 -23.54181935
1504866328	-86.2703 39.83228
1504866328	-95.12788295 29.75134504
1504866329	11.87498356 45.39877456
1504866329	139.7602422 35.6707717
1504866329	18.16666667 59.33333333
1504866329	-71.17464 42.38122
1504866329	-80.2605 36.1028
1504866330	103.266625 16.236249
1504866330	115.18066406 -8.64619568
1504866330	13.3989 52.5006
1504866330	139.7021339 35.6837149
1504866330	139.75268262 35.6663208
1504866330	29.112997 40.97397
1504866330	-46.3167 -23.7833
1504866330	-51.20461385 -30.05180524
1504866330	51.49478169 25.30703989
1504866330	55.87416667 54.5575
1504866331	106.7901692 -6.20838859
1504866331	130.978323 31.992217
1504866331	-4.64305556 36.54361111
1504866331	72.8286085 19.0547686
1504866331	7.4833 9.0667
1504866331	75.35483333 11.9095
1504866332	-0.16293561 51.50122718
1504866332	-0.30118491 39.62589477
1504866332	-0.9387143 51.4598181
1504866332	101.37684202 4.48329342
1504866332	101.59322396 3.15531847
1504866332	103.76339 1.4629649
1504866332	120.98044753 14.47140637
1504866332	-50.4328 -21.2089
1504866332	-83.00628 39.98799
1504866333	139.47927154 35.93386678
1504866333	139.68246584 35.69474084
1504866334	136.92329407 35.09583341
1504866334	139.73399058 35.70397503
1504866334	139.984557 35.7017469
1504866334	28.9647 41.0186
1504866334	34.37142845 36.9228287
1504866334	44.116667 23.716667
1504866334	-74.2606 40.6535
1504866335	13.33593318 52.50544845
1504866335	139.32611883 36.17338725
1504866335	32.71375049 39.97040495
1504866335	73.83314692 15.49384207
1504866336	-121.05444444 39.24222222
1504866336	130.88028074 33.88063079
1504866336	136.884973 35.167297
1504866336	139.37057286 35.68908966
1504866336	-2.094278 57.149717
1504866337	100.6430846 13.7661417
1504866337	101.7194202 56.2935299
1504866337	10.8 45.15
1504866337	120.97727759 15.47771864
1504866337	6.9667 50.95
1504866337	72.839301 19.102895
1504866337	73.02479267 19.11885452
1504866337	-73.58745 40.75813
1504866337	8.57191086 50.05008478
1504866338	133.05290354 35.47265075
1504866338	3.75 6.58333333
1504866338	37.7942 37.0097
1504866339	-0.58 44.85
1504866339	120.94106159 14.42284892
1504866339	-78.83133497 34.33584776
1504866339	-79.05828 38.03784
1504866340	-0.140833 51.550833
1504866340	-0.3826891 39.4938384
1504866340	139.73938402 35.6290537
1504866340	139.7594171 35.69600538
1504866341	101.59590644 3.10551297
1504866341	101.69187181 3.16942879
1504866341	115.2624929 -8.50687485
1504866341	121.47063732 31.20111074
1504866341	139.65422473 35.55990895
1504866341	139.70384426 35.71294052
1504866342	139.73149111 35.66398178
1504866342	18.06364 59.31816
1504866342	-66.80084075 10.49557865
1504866342	-75.1815078 4.454071
1504866342	-84.3881 33.7489
1504866342	99.819165 13.53625
1504866343	13.34938 52.49733
1504866343	139.74376998 35.68357778
1504866343	29.0859573 40.9871746
1504866343	-2.98418073 53.40233884
1504866343	-43.95606617 -19.91184668
1504866343	-79.70544763 44.38261933
1504866343	-83.00628 39.98799
1504866344	102.60520958 2.06125644
1504866344	139.4287926 35.6242892
1504866345	120.720858 24.251195
1504866345	121.07735869 14.69098755
1504866345	12.33930687 45.43722076
1504866345	139.70635748 35.67030743
1504866345	-35.74407645 -9.66844366
1504866345	8.65111 44.64466
1504866346	-0.479611 51.5485
1504866346	103.08754921 5.41198134
1504866346	110.38529 -7.78467
1504866346	114.17261453 22.28221493
1504866346	139.92986264 36.55717195
1504866346	-75.3266416 41.0881409
1504866347	-0.3750299 39.47463
1504866347	101.58253361 2.9541049
1504866347	153.02635043 -27.4708564
1504866347	24.12764 56.95408
1504866347	-43.36576389 -22.9994
1504866347	-46.5817253 -23.7001729
1504866347	-5.65994 43.54088
1504866348	-0.00442942 5.71811657
1504866348	103.95996202 1.33499281
1504866348	107.6171392 -6.904649
1504866348	139.77274344 35.69857979
1504866348	32.84307525 39.9674001
1504866348	3.62973796 6.46090721
1504866349	136.8865999 -4.5456
1504866349	140.460577 37.608136
1504866349	2.34850693 48.85318877
1504866349	98.29634158 7.81278119
1504866350	103.45 4.23333
1504866350	117.281 31.8639
1504866350	119.86 -0.901667
1504866350	135.76263848 35.00275903
1504866350	29.06847334 40.18304591
1504866350	4.5110102 51.2791214
1504866350	77.62827222 12.76104444
1504866351	100.23333333 5.4
1504866351	101.66964997 3.10873348
1504866351	114.15 22.2833
1504866351	139.73959208 35.62901208
1504866351	-42.53170734 -19.4800414
1504866351	-44.24030256 -2.50968095
1504866351	49.12211408 26.003101
1504866352	103.32582669 3.81877043
1504866352	-113.59583758 53.53169823
1504866352	139.86081183 35.66394951
1504866352	4.747422 52.635661
1504866353	-0.883333 52.25
1504866353	106.87693 -6.14735
1504866353	108.3 -6.38333
1504866353	132.7387165 35.36781917
1504866353	135.506325 34.702873
1504866353	149.69305556 -34.85916667
1504866353	23.74487498 53.59406058
1504866353	-40.2950733 -20.3539425
1504866353	-46.05493581 -23.81178723
1504866353	-51.16719642 -23.30267733
1504866354	100.5353273 13.74603461
1504866354	101.145164 4.337469
1504866354	101.65309864 3.16569235
1504866354	10.41746 55.38174
1504866354	121.5301971 25.0287895
1504866354	7.10759789 50.70996413
1504866355	103.81480822 1.5218418
1504866355	120.70180309 15.05182465
1504866355	139.70191501 35.69806237
1504866355	3.39583 6.45306
1504866356	144.96695436 -37.81525855
1504866356	151.17322683 -33.91279002
1504866356	28.86859793 41.00064531
1504866356	-46.75571535 -23.59198765
1504866357	100.49333298 13.75312242
1504866357	100.89677989 12.85893745
1504866357	106.85078 -6.119342
1504866357	4.37350376 50.83781764
1504866357	-46.69764582 -23.56775256
1504866357	-84.45871292 33.88437245
1504866358	100.60180606 13.91837005
1504866358	120.95082384 15.47516658
1504866358	151.1525806 -33.91269569
1504866358	-3.68308478 40.41107058
1504866358	-94.35137487 39.06821091
1504866359	121.07555556 14.56805556
1504866359	135.75897295 34.9851987
1504866359	139.36459109 35.603348
1504866359	144.9643199 -37.81006
1504866360	11.97460695 57.68909657
1504866360	120.94018221 14.42369755
1504866360	139.70681048 35.66651866
1504866360	141.96475267 39.73191092
1504866360	-33.904408 -12.8867684
1504866360	69.27 41.31
1504866360	-77.45921735 39.06041581
1504866361	139.78934236 35.72126158
1504866361	151.17883042 -33.86200046
1504866361	-46.07982559 19.33217722
1504866361	-61.3167 -31.7667
1504866361	-69.9 18.46667
1504866361	-83.00628 39.98799
1504866361	9.9277593 53.5543904
1504866362	101.71082424 3.07757363
1504866362	-121.493766 38.5767
1504866362	139.66831542 35.66099801
1504866362	28.90561681 40.22144101
1504866362	7.61805556 47.60277778
1504866363	100.54398957 13.69313508
1504866363	101.61598006 3.14804643
1504866363	120.98765172 14.61056502
1504866363	135.430958 34.619983
1504866363	139.70018655 35.69061562
1504866363	2.18333 41.3833
1504866363	-58.3735 -34.6085
1504866363	-72.531206 -50.228547
1504866363	77.29688363 28.55027301
1504866363	77.64 12.91
1504866364	-0.066594 51.2985503
1504866364	109.14693832 -6.94425551
1504866364	121.0263922 14.6343559
1504866364	139.373751 35.986792
1504866364	16.59516 49.18746
1504866364	35.3390884 36.9912605
1504866364	36.02443926 41.62564162
1504866364	-3.94739973 51.62009296
1504866364	-65.32 -27.03
1504866364	9.18173 45.4599199
1504866365	140.11673751 39.71521443
1504866365	25.3371915 37.4155333
1504866365	36.76166211 -1.28771699
1504866365	72.975029 19.199099
1504866366	121.05446749 14.57169856
1504866366	139.420501 35.768575
1504866366	1.41585214 49.06678023
1504866366	-3.46456672 50.58070225
1504866366	37.63765 55.82629
1504866366	-3.83333333 40.35
1504866366	7.9507739 5.0214809
1504866366	-81.66 30.3194
1504866366	-89.38412 43.07453
1504866366	9.52734321 51.22890354
1504866367	-0.58227539 44.84065581
1504866367	103.6217083 1.60403727
1504866367	10.98449706 45.43100938
1504866367	-117.20214844 36.39917829
1504866367	-1.2328819 51.7248487
1504866367	3.37280273 6.51590798
1504866367	-48.06949844 -16.02322485
1504866367	-75.0697 38.3915
1504866367	8.6875933 50.1008863
1504866368	139.73156095 35.66277059
1504866368	-1.53134823 47.20799658
1504866368	-1.5385647 53.7960024
1504866368	28.6569665 41.01325815
1504866368	28.86833333 41.1575
1504866368	39.1728 21.5433
1504866368	-51.2 -30.0333
1504866368	7.11917951 43.54767041
1504866368	-84.78968 39.08752
1504866369	107.57929176 -6.90376463
1504866369	-115.1744604 36.1061525
1504866369	121.02781825 14.56549693
1504866369	138.86078656 35.10441095
1504866369	139.695591 35.658509
1504866369	14.24401045 40.83105384
1504866369	32.8723686 39.9789538
1504866369	3.3792057 6.5243793
1504866370	101.783 2.98333
1504866370	113.05513367 3.18680796
1504866370	121.06 14.736667
1504866370	-3.20897928 57.03005527
1504866370	32.82586718 39.93180001
1504866370	35.126871 32.813743
1504866370	8.6875933 50.1008863
1504866371	121.053167 14.620478
1504866371	139.59976818 35.58154194
1504866371	14.40664931 50.06820391
1504866371	39.0322 22.7986
1504866371	7.3828125 8.99766966
1504866372	100.4997543 13.7880262
1504866372	102.81250699 2.50095619
1504866372	112.63 -7.62
1504866372	120.72059421 24.25094789
1504866372	122.56241798 10.71365199
1504866372	-54.6463026 -20.4536554
1504866372	-6.43521 53.40033
1504866372	8.6875933 50.1008863
1504866373	-0.19441545 51.36638849
1504866373	101.76420642 2.825225
1504866373	102.24617843 2.20474867
1504866373	106.77821143 -6.17695643
1504866373	107.61886 -6.89582
1504866373	145.06423 -37.75615
1504866373	30.63664005 68.24104957
1504866373	5.59239 45.48834
1504866373	-73.188898 41.173571
1504866374	123.46248 9.85481
1504866374	137.73477592 34.70398369
1504866374	139.76501942 35.67995821
1504866374	139.77152377 35.72823068
1504866374	26.3561482 41.71812611
1504866374	-2.9637789 43.2632586
1504866375	-0.57060242 44.83843438
1504866375	-115.1744604 36.1061525
1504866375	115.93567529 -31.96537032
1504866375	-121.74 38.55
1504866375	135.46786777 34.69443352
1504866375	137.16326904 35.05311966
1504866375	-1.5186785 53.8195561
1504866375	2.35502264 48.87988166
1504866375	27.19898241 38.44085355
1504866375	-35.74153327 -9.67008496
1504866375	55.2803 25.19716
1504866376	-5.7 54.65
1504866376	-95.3590138 29.8443326
1504866377	100.53694789 13.76175519
1504866377	139.79750901 35.75074841
1504866377	27.50708487 37.88364275
1504866377	28.61368214 43.89929686
1504866377	-80.40845035 25.53014532
1504866377	-84.0796459 43.4182439
1504866377	8.73506 50.90312
1504866377	-8.89864209 51.58929001
1504866377	9.7405695 47.4087744
1504866378	100.64871092 13.69359737
1504866378	103.98753011 1.3558839